NACA 6712 Airfoil M=6.0% P=70.0% T=12.0%
  1.000468  0.001170
  1.000234  0.001301
  0.999531  0.001693
  0.998361  0.002344
  0.996723  0.003252
  0.994618  0.004411
  0.992047  0.005817
  0.989011  0.007462
  0.985512  0.009338
  0.981551  0.011437
  0.977129  0.013747
  0.972249  0.016258
  0.966914  0.018958
  0.961124  0.021832
  0.954884  0.024867
  0.948197  0.028047
  0.941064  0.031357
  0.933492  0.034779
  0.925482  0.038296
  0.917039  0.041890
  0.908169  0.045542
  0.898876  0.049232
  0.889165  0.052942
  0.879042  0.056650
  0.868514  0.060336
  0.857586  0.063980
  0.846267  0.067559
  0.834564  0.071054
  0.822485  0.074443
  0.810039  0.077706
  0.797235  0.080820
  0.784083  0.083765
  0.770593  0.086521
  0.756778  0.089067
  0.742648  0.091385
  0.728217  0.093455
  0.713497  0.095258
  0.698561  0.096777
  0.683913  0.098140
  0.669072  0.099437
  0.654053  0.100661
  0.638869  0.101810
  0.623538  0.102877
  0.608072  0.103858
  0.592490  0.104749
  0.576805  0.105546
  0.561034  0.106244
  0.545192  0.106840
  0.529297  0.107330
  0.513364  0.107711
  0.497410  0.107979
  0.481451  0.108132
  0.465504  0.108166
  0.449585  0.108080
  0.433711  0.107871
  0.417898  0.107538
  0.402164  0.107078
  0.386524  0.106492
  0.370996  0.105777
  0.355595  0.104934
  0.340339  0.103963
  0.325243  0.102862
  0.310323  0.101635
  0.295596  0.100280
  0.281076  0.098801
  0.266780  0.097198
  0.252723  0.095474
  0.238920  0.093632
  0.225385  0.091674
  0.212133  0.089605
  0.199177  0.087428
  0.186532  0.085146
  0.174211  0.082766
  0.162226  0.080292
  0.150590  0.077728
  0.139316  0.075081
  0.128414  0.072357
  0.117896  0.069560
  0.107772  0.066699
  0.098053  0.063779
  0.088748  0.060806
  0.079866  0.057788
  0.071417  0.054730
  0.063408  0.051641
  0.055847  0.048526
  0.048740  0.045393
  0.042096  0.042247
  0.035918  0.039096
  0.030214  0.035945
  0.024989  0.032800
  0.020246  0.029668
  0.015989  0.026553
  0.012223  0.023461
  0.008950  0.020395
  0.006173  0.017362
  0.003894  0.014363
  0.002114  0.011403
  0.000834  0.008485
  0.000055  0.005611
 -0.000223  0.002782
  0.000000  0.000000
  0.000716 -0.002697
  0.001918 -0.005273
  0.003604 -0.007725
  0.005772 -0.010055
  0.008418 -0.012262
  0.011540 -0.014344
  0.015133 -0.016302
  0.019194 -0.018135
  0.023717 -0.019843
  0.028698 -0.021424
  0.034131 -0.022880
  0.040009 -0.024209
  0.046327 -0.025411
  0.053077 -0.026487
  0.060253 -0.027436
  0.067847 -0.028259
  0.075850 -0.028956
  0.084255 -0.029527
  0.093053 -0.029975
  0.102235 -0.030299
  0.111792 -0.030501
  0.121715 -0.030583
  0.131993 -0.030545
  0.142618 -0.030391
  0.153578 -0.030123
  0.164863 -0.029743
  0.176462 -0.029254
  0.188365 -0.028659
  0.200561 -0.027962
  0.213038 -0.027166
  0.225784 -0.026275
  0.238788 -0.025293
  0.252039 -0.024225
  0.265523 -0.023076
  0.279229 -0.021849
  0.293145 -0.020551
  0.307257 -0.019185
  0.321553 -0.017758
  0.336019 -0.016275
  0.350644 -0.014740
  0.365414 -0.013160
  0.380314 -0.011540
  0.395333 -0.009886
  0.410455 -0.008202
  0.425668 -0.006494
  0.440956 -0.004768
  0.456307 -0.003027
  0.471706 -0.001279
  0.487138  0.000474
  0.502590  0.002225
  0.518046  0.003971
  0.533493  0.005708
  0.548916  0.007431
  0.564300  0.009137
  0.579630  0.010822
  0.594892  0.012483
  0.610071  0.014117
  0.625152  0.015721
  0.640122  0.017294
  0.654964  0.018832
  0.669666  0.020334
  0.684211  0.021797
  0.698587  0.023222
  0.712282  0.024521
  0.725774  0.025574
  0.739106  0.026387
  0.752264  0.026969
  0.765233  0.027330
  0.778001  0.027478
  0.790550  0.027426
  0.802868  0.027185
  0.814939  0.026766
  0.826748  0.026184
  0.838280  0.025452
  0.849520  0.024582
  0.860455  0.023590
  0.871069  0.022491
  0.881349  0.021298
  0.891279  0.020027
  0.900848  0.018693
  0.910041  0.017311
  0.918846  0.015895
  0.927250  0.014460
  0.935242  0.013021
  0.942810  0.011591
  0.949943  0.010183
  0.956630  0.008811
  0.962863  0.007488
  0.968631  0.006224
  0.973927  0.005032
  0.978743  0.003920
  0.983071  0.002900
  0.986906  0.001978
  0.990240  0.001164
  0.993071  0.000463
  0.995392 -0.000119
  0.997201 -0.000576
  0.998496 -0.000905
  0.999273 -0.001104
  0.999532 -0.001170