NACA 6712 Airfoil M=6.0% P=70.0% T=12.0%
  1.000468  0.001170
  0.999004  0.001986
  0.994618  0.004411
  0.987319  0.008372
  0.977129  0.013747
  0.964076  0.020374
  0.948197  0.028047
  0.929541  0.036527
  0.908169  0.045542
  0.884154  0.054797
  0.857586  0.063980
  0.828571  0.072763
  0.797235  0.080820
  0.763726  0.087822
  0.728217  0.093455
  0.691262  0.097467
  0.654053  0.100661
  0.615821  0.103378
  0.576805  0.105546
  0.537251  0.107099
  0.497410  0.107979
  0.457540  0.108138
  0.417898  0.107538
  0.378745  0.106151
  0.340339  0.103963
  0.302934  0.100973
  0.266780  0.097198
  0.232118  0.092667
  0.199177  0.087428
  0.168176  0.081540
  0.139316  0.075081
  0.112784  0.068137
  0.088748  0.060806
  0.067357  0.053189
  0.048740  0.045393
  0.033007  0.037520
  0.020246  0.029668
  0.010525  0.021924
  0.003894  0.014363
  0.000382  0.007042
  0.000000  0.000000
  0.002701 -0.006514
  0.008418 -0.012262
  0.017105 -0.017234
  0.028698 -0.021424
  0.043114 -0.024826
  0.060253 -0.027436
  0.080003 -0.029257
  0.102235 -0.030299
  0.126810 -0.030579
  0.153578 -0.030123
  0.182376 -0.028969
  0.213038 -0.027166
  0.245383 -0.024770
  0.279229 -0.021849
  0.314382 -0.018479
  0.350644 -0.014740
  0.387810 -0.010717
  0.425668 -0.006494
  0.464001 -0.002154
  0.502590  0.002225
  0.541209  0.006572
  0.579630  0.010822
  0.617625  0.014923
  0.654964  0.018832
  0.691421  0.022515
  0.725774  0.025574
  0.758773  0.027176
  0.790550  0.027426
  0.820877  0.026495
  0.849520  0.024582
  0.876251  0.021905
  0.900848  0.018693
  0.923099  0.015179
  0.942810  0.011591
  0.959804  0.008143
  0.973927  0.005032
  0.985051  0.002426
  0.993071  0.000463
  0.997913 -0.000757
  0.999532 -0.001170